Array elements are: 
310
452
111
46
718
736
426
439
131
658
59
421
440
267
623
586
160
484
874
944
205
218
824
323
674
973
549
618
705
722
886
579
599
167
878
957
563
548
532
797
269
813
243
428
260
385
415
99
817
533
370
787
909
405
946
914
768
521
85
88
290
955
874
317
892
874
563
140
739
902
739
643
753
825
569
916
917
91
314
874
853
662
900
967
810
145
380
902
309
672
190
709
678
346
297
59
634
83
678
219
560
58
604
894
33
632
738
879
819
443
110
776
155
577
893
260
852
997
711
45
209
905
161
919
414
344
679
888
837
784
426
362
346
254
293
594
855
938
655
967
342
524
509
380
609
493
517
961
103
60
173
209
517
167
186
866
386
778
43
275
705
902
14
24
742
951
379
644
807
202
892
397
299
447
270
668
950
234
619
445
322
806
209
718
724
413
135
316
907
106
419
323
947
153
201
828
981
675
326
167
480
301
611
388
237
600
474
246
665
921
51
759
608
312
144
670
705
883
255
409
434
530
49
557
824
340
478
324
676
436
673
725
685
932
878
224
975
511
128
978
685
740
258
191
343
548
167
377
780
624
694
694
168
583
916
685
867
415
253
603
558
735
680
908
621
755
410
785
773
600
698
567
100
709
108
485
781
767
608
153
713
464
262
599
778
196
938
138
298
337
270
135
620
367
592
297
782
968
611
343
582
631
280
169
812
261
60
607
712
823
606
92
653
44
464
680
811
598
546
722
705
725
273
196
468
591
416
759
924
356
293
808
96
151
516
681
892
656
435
167
932
675
688
538
364
417
204
514
104
324
735
903
149
891
239
234
457
429
278
833
519
189
480
805
528
90
448
964
387
380
584
296
702
14
571
563
251
337
156
733
235
169
356
862
109
926
219
457
556
33
938
851
868
469
789
755
946
362
334
686
609
251
935
427
811
905
972
830
404
852
368
148
59
760
557
386
980
71
439
914
176
482
202
894
234
527
850
233
668
317
997
31
665
938
355
863
513
48
271
962
215
18
691
699
503
860
143
338
996
241
395
968
522
489
180
386
159
373
304
793
415
29
346
855
588
694
948
337
453
792
714
463
28
596
999
648
815
368
975
463
926
321
359
92
258
716
395
941
469
942
272
657
988
428
753
264
736
852
185
656
202
31
594
330
525
727
370
222
442
677
711
914
382
922
301
361
846
236
318
395
989
673
843
725
589
505
320
593
629
798
846
56
508
195
240
70
396
866
305
727
890
59
676
9
887
976
874
870
968
403
520
504
425
814
753
829
666
564
152
254
263
699
139
236
783
707
760
76
805
787
974
826
100
364
904
123
331
62
799
179
59
37
777
568
159
905
378
407
266
691
328
908
196
79
568
936
727
521
439
603
570
259
253
690
265
356
470
120
807
855
808
122
71
675
561
983
666
883
593
835
897
122
385
801
53
318
464
827
481
378
238
927
369
444
337
976
675
769
211
465
171
859
377
650
187
262
463
295
109
903
34
353
71
785
847
87
36
903
841
864
204
842
58
230
1
311
855
136
159
871
900
528
735
317
892
290
343
329
717
510
80
29
36
841
560
331
374
561
544
196
65
543
868
413
71
135
9
828
580
330
397
813
532
567
818
263
221
661
129
751
694
806
753
301
369
564
765
451
299
943
220
91
106
985
879
283
161
12
271
168
990
21
295
190
333
720
922
889
772
84
172
208
524
140
270
914
67
454
98
158
671
377
868
230
564
421
138
847
611
621
38
647
811
699
599
208
323
623
311
918
515
934
952
198
218
591
512
720
738
922
626
255
786
993
351
945
755
927
187
221
489
946
817
18
492
878
811
968
733
270
617
960
439
762
232
239
608
145
985
410
576
114
680
920
774
741
371
934
209
503
267
661
885
591
310
971
963
753
412
34
103
2
360
828
11
293
659
648
524
39
14
423
45
345
570
175
2
132
580
385
678
364
419
594
442
209
615
16
7
552
715
360
35
426
991
12
95
872
404
673
921
33
957
403
106
740
679
323
750
270
153
776
737
34
1
142
62
235
911
138
800
35
108
985
915
872
441
842
618
806
771
577
907
197
286
828
94
480
829
740
719
44
987
226
287
981
945
514
584
27
387
617
320
432
696
821
157
730
783
981
511
316
169
656
242
734
411
624
903
899
61
261
87
591
636
215
274
908
835
882
307
98
713
505
227
706
65
45
390
209
186
547
654
735
981
522
125
134
676
415
965
212
915
516
447
909
41
817
514
704
336
637
558
161
44
387
702
848
69
646
35
712
285
541
121
286
166
963
70
408
372
801
658
56
825
461
744
894
543
466
192
222
659
716
508
621
734
195
557
737
245
818
793
306
286
621
872
405
822
105
668
642
719
928
609
155
981
471
852
762
812
765
883
677
454
186
798
265
592
65
948
473
275
616
145
283
505
562
425
155
986
906
401
301
886
336
524
600
193
16
219
337
622
151
424
300
116
318
355
307
625
895
291
249
608
728
881
929
727
116
460
638
372
166
611
896
21
781
252
227
381
598
729
57
607
406
725
741
814
805
961
596
415
567
269
726
264
661
305
975
821
600
428
529
938
171
366
63
461
50
78
202
234
350
244
98
714
719
394
279
71
960
907
988
950
443
892
148
704
419
55
882
136
550
651
526
465
167
556
23
422
201
227
743
605
962
930
436
887
641
492
439
76
137
121
387
743
351
189
720
875
45
951
472
773
126
344
851
446
181
221
495
949
438
540
166
571
231
446
635
803
276
319
43
450
626
717
524
672
592
806
532
877
820
997
711
618
434
555
553
936
573
248
159
567
506
122
215
988
365
356
583
973
904
591
681
410
54
743
236
661
378
990
94
395
169
570
637
481
284
316
813
821
267
238
818
334
128
308
895
26
915
467
313
505
726
509
381
72
756
951
41
493
896
474
505
362
752
867
493
385
293
277
806
76
950
844
869
567
793
437
990
672
660
742
318
568
376
620
572
369
909
94
531
60
146
305
137
30
674
117
968
616
141
53
462
367
900
295
181
666
809
17
269
456
315
726
771
749
104
22
324
592
255
547
830
326
606
117
332
642
486
835
577
230
719
442
370
799
94
305
266
506
366
774
724
621
354
321
332
875
98
947
668
894
138
699
455
793
234
365
956
848
950
921
950
82
926
783
707
861
210
921
24
886
196
135
446
635
599
340
957
619
18
666
232
497
935
272
904
584
510
983
621
648
915
425
87
729
858
845
769
803
692
993
903
411
543
584
448
831
120
165
545
595
423
366
296
823
105
437
931
500
601
791
276
794
340
550
182
227
717
84
870
164
891
92
278
32
298
754
254
83
964
329
806
48
929
456
805
55
758
326
658
51
841
702
310
580
318
52
741
97
101
559
561
759
314
105
360
182
82
116
178
811
665
204
117
990
172
682
769
16
339
714
745
934
885
159
28
610
365
706
781
414
605
764
769
416
800
378
741
861
972
575
268
90
44
938
623
528
947
806
598
281
326
988
963
790
296
185
309
257
244
437
764
549
782
526
900
752
643
761
596
142
503
710
592
879
174
552
542
934
810
31
453
124
130
956
482
659
193
511
488
594
678
334
615
807
118
99
420
174
406
845
533
236
364
758
964
57
975
777
864
291
523
408
990
687
251
742
492
687
923
481
447
963
393
366
194
651
483
490
568
199
862
198
384
601
299
925
762
471
794
427
355
303
339
733
668
227
220
275
596
965
192
751
638
701
162
625
949
280
232
523
766
277
458
431
578
874
549
148
310
724
332
738
419
716
292
316
152
923
216
609
783
364
18
654
935
734
587
92
304
380
465
103
383
244
809
723
582
828
453
211
816
593
324
752
102
888
727
291
380
419
267
529
963
791
488
323
783
473
339
308
742
776
869
360
410
612
224
302
330
41
557
446
979
743
245
783
219
606
579
348
340
640
233
666
398
759
369
296
136
230
174
304
466
129
739
982
196
736
311
241
668
46
194
316
982
869
583
958
266
385
596
199
72
34
867
846
663
613
562
855
283
749
399
454
412
849
469
708
336
24
430
597
962
545
452
235
913
637
724
465
617
24
888
722
561
999
93
713
656
724
385
650
734
283
634
206
39
868
441
757
44
735
52
791
773
786
730
175
590
429
925
39
873
882
267
841
519
70
0
728
507
584
361
167
662
276
365
439
117
239
534
466
196
903
450
753
795
65
836
18
270
217
914
30
706
819
989
822
304
481
938
871
256
178
575
89
13
138
969
529
169
617
427
172
608
887
930
386
462
25
225
257
981
206
759
381
425
950
628
705
708
726
645
918
380
833
211
2
156
83
749
993
530
427
832
555
416
398
386
121
473
564
259
385
919
165
596
154
391
120
266
717
112
742
664
926
846
339
625
852
635
18
759
794
709
241
188
940
840
530
418
652
643
213
967
981
813
810
861
299
437
335
192
459
528
779
425
580
588
813
400
388
96
33
560
357
154
206
929
93
174
341
379
210
545
451
423
563
717
472
737
652
925
484
752
372
251
175
106
886
76
528
648
561
197
943
171
408
949
296
355
898
28
568
121
99
825
972
562
623
663
951
446
496
208
12
115
556
993
100
692
256
946
829
917
689
113
471
184
213
690
94
553
17
198
679
258
288
994
197
548
986
965
656
416
833
29
297
673
555
884
676
844
41
798
946
809
30
294
879
656
197
213
865
386
600
709
720
564
675
885
950
221
639
259
428
126
125
239
850
159
16
75
827
158
56
21
514
474
508
439
254
951
512
560
576
722
879
110
75
494
302
534
364
34
548
195
682
120
693
941
989
767
16
279
999
769
69
899
87
177
155
718
979
805
593
845
97
222
391
698
208
933
413
204
297
110
80
580
722
727
260
156
337
160
175
280
215
582
301
730
812
280
149
507
444
868
639
130
344
622
550
369
184
972
120
55
722
467
711
380
128
91
654
919
524
821
674
380
139
49
79
753
643
631
555
221
679
861
34
562
278
911
898
35
554
910
948
788
391
39
578
528
316
21
276
612
795
452
318
377
453
885
23
241
892
319
302
664
952
267
638
471
172
430
609
773
894
325
446
614
372
360
719
30
18
639
796
468
728
509
207
858
538
955
580
484
411
764
254
17
6
866
269
657
743
872
183
196
932
961
758
899
699
722
235
510
848
841
924
792
141
559
278
165
629
830
845
538
607
749
121
905
666
863
693
726
73
796
656
101
886
305
301
758
877
693
457
985
223
137
416
180
708
489
488
625
776
10
363
638
228
977
284
576
477
762
263
4
282
706
373
712
528
203
765
865
952
698
588
356
825
340
922
145
777
629
808
969
47
446
761
382
796
13
619
130
17
881
926
961
451
239
935
276
50
85
445
641
500
642
93
335
163
8
130
465
804
417
571
724
304
570
251
711
632
219
63
712
968
47
195
334
953
446
681
456
206
496
14
796
309
514
728
248
403
963
660
860
274
546
944
578
782
29
456
900
433
220
980
826
117
157
439
328
422
167
770
527
899
322
592
551
247
670
492
834
16
829
388
435
983
53
51
647
990
676
844
956
506
882
78
632
919
373
384
112
99
151
823
653
903
200
216
736
176
366
473
22
934
778
141
292
107
567
181
577
674
162
392
290
871
352
618
767
72
957
278
512
181
115
629
474
138
355
962
909
739
239
177
389
60
756
493
549
806
198
600
852
51
718
3
416
174
45
301
91
60
874
98
454
333
524
158
388
880
239
710
553
344
680
476
547
599
143
771
122
95
788
836
984
14
510
307
429
301
967
106
21
974
2
491
354
759
310
463
638
439
973
193
478
519
545
77
978
486
683
380
152
21
184
949
822
417
85
800
126
781
970
178
24
398
715
135
24
461
631
696
810
573
784
204
683
709
778
256
188
76
340
613
390
180
397
421
931
837
892
791
521
463
32
161
434
225
126
222
105
818
19
670
572
479
326
102
475
6
161
359
7
663
605
986
570
411
411
915
474
156
392
276
728
723
121
284
854
543
661
249
897
909
359
687
450
551
773
373
823
844
70
497
822
340
734
503
345
336
256
82
370
923
431
843
199
868
432
486
370
717
725
578
717
832
326
485
811
352
790
23
660
432
904
631
798
768
780
25
242
420
79
873
40
475
507
14
891
846
444
361
271
414
784
89
496
854
852
385
184
174
834
949
537
242
14
373
781
666
376
437
996
7
470
995
235
626
974
48
491
319
993
898
627
652
827
161
923
725
923
952
947
89
565
561
321
63
153
267
38
974
182
470
103
665
577
337
358
824
629
451
419
729
229
956
31
257
858
262
587
137
61
447
186
323
317
540
155
970
523
558
676
236
691
682
455
656
347
233
31
866
456
171
721
353
195
381
862
158
999
467
195
323
904
950
207
237
305
648
781
935
861
376
980
919
698
90
954
287
388
153
367
900
894
448
151
143
933
540
622
26
393
801
879
349
729
186
606
642
495
381
834
684
833
718
150
803
840
36
867
255
414
978
753
222
316
999
257
747
434
431
422
224
687
920
854
484
395
894
93
247
732
886
40
776
767
805
226
654
858
102
693
657
173
238
965
931
720
634
891
670
387
629
770
856
15
837
85
547
320
711
908
61
277
482
866
287
213
818
86
918
103
909
360
442
879
853
78
650
372
88
700
823
52
679
788
746
185
144
649
160
946
557
823
91
178
313
591
817
412
584
469
167
472
838
954
498
11
959
705
751
66
115
681
146
497
380
878
893
454
837
79
114
934
328
825
473
286
513
854
212
433
888
853
834
622
428
263
239
461
810
418
726
67
23
717
419
899
662
871
754
372
757
885
534
885
676
385
488
721
617
111
0
990
651
121
635
877
507
378
440
10
763
116
409
326
252
509
620
630
623
707
412
87
507
439
379
694
136
400
489
506
753
980
130
471
3
747
846
365
932
733
863
584
534
621
273
228
713
516
382
552
165
787
757
741
98
608
133
850
283
132
721
78
775
555
924
558
496
262
463
101
972
552
968
823
191
785
308
109
300
621
474
939
163
157
480
321
576
725
529
150
521
809
435
857
272
888
294
437
600
678
491
543
575
53
926
348
631
365
216
9
249
788
679
402
709
907
217
989
415
500
554
921
371
330
384
716
577
413
876
968
100
671
326
713
652
329
901
84
978
293
569
675
845
87
177
761
57
513
649
263
339
348
984
134
269
819
86
493
41
262
188
572
304
703
562
917
328
349
448
618
116
769
782
640
288
582
124
963
299
512
193
176
726
331
97
973
543
873
913
208
624
868
245
963
784
858
907
646
502
748
905
93
69
196
637
770
433
345
156
460
932
348
290
378
326
118
595
393
852
703
226
75
716
871
136
866
580
732
752
566
534
726
921
250
413
160
178
499
838
757
690
297
517
854
155
766
888
882
791
398
588
657
297
428
541
864
391
93
147
165
545
86
463
891
502
126
535
77
788
282
277
105
335
304
192
778
427
530
99
58
145
174
410
668
47
772
113
915
960
557
894
658
436
749
37
131
819
798
948
116
350
217
985
437
65
579
258
293
460
814
944
775
872
262
903
559
439
386
510
229
698
563
795
0
649
222
659
285
273
800
161
671
871
325
94
204
485
43
934
462
505
72
400
481
318
343
583
12
872
93
748
908
168
990
939
152
704
914
297
245
563
353
792
911
40
23
23
680
801
448
509
827
514
405
16
688
774
346
422
67
469
853
212
281
740
776
24
28
383
915
121
758
373
611
943
81
301
392
210
386
838
199
701
236
18
26
928
516
48
695
886
202
938
413
294
571
307
53
514
876
254
824
992
819
454
774
77
61
293
666
477
236
450
679
861
238
290
375
85
294
3
915
449
582
122
166
236
17
151
702
0
185
343
84
101
275
845
18
694
423
730
885
460
940
291
272
231
804
230
164
145
995
582
95
929
605
201
448
45
676
430
468
987
133
407
60
0
592
140
840
472
423
191
179
533
398
857
424
772
711
832
830
958
111
67
827
622
215
885
978
280
2
159
792
573
241
175
828
981
247
517
211
617
986
246
495
569
422
252
412
135
452
155
555
423
438
496
947
847
42
108
511
978
446
695
18
818
419
120
330
412
4
406
483
210
626
40
682
237
119
978
23
294
209
224
939
398
555
658
174
432
191
732
230
600
310
625
381
327
275
212
297
146
785
197
945
74
927
671
443
168
727
924
63
18
9
774
853
977
525
291
440
307
316
18
695
318
858
196
754
782
373
530
629
910
734
372
328
147
484
717
891
222
895
829
475
232
790
722
940
577
823
116
170
182
936
587
377
442
217
494
192
413
979
559
110
162
828
545
268
528
6
755
182
499
308
920
153
757
850
318
464
456
128
151
267
171
617
537
896
825
944
701
911
49
675
372
550
823
327
765
198
533
316
184
111
399
996
617
927
270
44
684
641
641
855
936
820
710
582
130
8
943
130
953
120
20
179
929
490
36
167
166
85
989
455
347
38
3
575
675
881
337
373
890
374
877
190
197
935
508
820
59
115
260
184
369
962
83
180
730
609
240
784
778
615
964
653
227
266
240
386
685
576
143
320
83
196
393
83
359
435
743
378
380
870
394
856
539
129
478
151
974
794
389
671
801
38
795
918
820
976
171
123
903
104
257
983
610
628
359
484
587
340
196
574
534
147
38
774
443
813
114
199
701
632
283
323
230
666
54
765
828
867
590
731
685
80
680
227
816
477
921
987
727
532
912
895
546
983
691
180
395
1
72
495
261
928
957
611
307
305
374
748
218
961
359
54
665
847
799
784
113
720
758
96
237
516
861
437
900
347
81
806
191
907
58
919
848
334
508
628
464
953
191
643
435
720
678
320
538
784
789
215
99
786
282
808
321
201
369
20
892
252
891
208
135
253
529
896
637
406
601
189
218
545
81
578
866
662
628
711
480
206
562
306
574
302
419
454
812
987
131
837
333
499
730
390
554
498
385
988
847
163
883
421
343
508
136
854
926
344
82
520
376
469
298
962
508
942
468
577
645
404
710
646
157
660
451
267
862
853
200
800
408
302
910
791
727
894
35
699
933
853
112
890
883
446
503
949
583
774
331
210
914
206
235
320
107
32
297
358
103
143
654
56
705
579
877
523
731
887
958
545
688
181
889
825
99
292
653
806
454
594
515
734
417
848
751
814
273
388
922
836
786
232
415
547
287
80
375
267
475
750
540
124
572
340
480
209
133
282
970
145
978
105
461
179
838
523
89
682
569
535
596
719
602
762
398
972
743
65
936
593
356
727
730
999
848
763
792
938
536
854
807
458
960
609
243
823
574
173
151
842
890
239
283
600
932
215
595
468
974
752
771
413
477
891
632
345
207
708
511
723
974
807
228
408
262
381
683
311
459
504
324
147
330
725
942
592
709
439
643
445
192
111
902
395
575
681
217
978
371
80
177
983
422
673
274
564
72
132
769
131
450
60
994
655
512
979
872
214
661
636
417
512
54
236
843
804
348
225
122
69
332
468
569
663
500
662
469
87
761
81
127
759
978
435
465
39
487
233
613
374
67
537
458
217
562
69
428
15
420
337
492
565
217
32
614
593
249
529
97
766
933
49
129
247
664
542
390
498
10
148
526
414
39
213
628
121
45
375
339
896
418
374
279
398
443
616
132
768
808
641
621
498
861
184
58
217
807
267
905
825
234
907
67
170
110
133
1
141
975
265
65
139
454
770
212
694
154
951
284
559
174
710
705
65
674
539
83
459
700
324
766
679
702
994
206
411
191
167
342
903
266
285
394
99
895
245
907
761
614
929
381
782
849
861
95
924
855
112
699
833
65
105
512
539
64
997
592
277
735
455
832
979
840
539
132
168
94
704
147
1
472
722
968
638
171
746
707
422
670
703
589
660
195
652
429
759
610
965
143
835
494
363
776
924
205
846
770
905
200
250
246
774
235
269
814
829
28
892
627
827
487
922
540
949
386
175
762
251
129
875
641
199
854
229
624
913
223
126
462
319
178
235
342
389
712
976
10
400
381
893
455
288
429
847
392
996
934
780
134
537
165
240
855
682
291
699
776
981
999
673
634
686
76
964
578
154
492
265
429
796
856
841
990
985
436
353
211
373
488
146
796
733
569
90
946
343
504
759
585
882
638
677
583
105
571
390
649
662
834
36
772
510
756
971
855
245
510
705
376
76
761
947
575
559
436
15
671
166
403
368
263
669
602
656
473
957
662
584
987
777
774
319
146
234
765
105
927
827
368
658
390
221
96
862
628
322
747
114
617
121
368
847
993
732
538
807
683
735
841
334
802
775
697
285
24
860
907
366
621
696
34
972
825
697
303
747
861
297
120
59
590
393
633
799
353
433
606
376
91
645
659
222
500
212
216
40
944
575
612
681
115
288
61
792
418
41
714
546
213
593
706
929
850
510
593
162
87
842
362
61
355
291
264
464
800
379
991
798
441
156
941
110
755
390
890
177
851
320
843
413
838
650
837
813
19
796
139
299
580
123
768
817
781
603
94
969
677
687
512
939
836
336
392
850
806
826
521
765
341
623
535
15
609
520
720
267
73
778
237
20
942
325
399
120
978
240
788
37
89
461
439
9
798
662
438
532
154
200
772
929
138
967
612
983
238
456
158
788
259
88
45
844
260
631
804
650
654
348
715
987
823
879
141
434
334
606
114
739
597
695
186
504
771
884
428
594
502
704
148
125
227
147
453
805
596
516
143
989
292
761
441
352
390
520
28
864
203
595
14
435
266
218
384
589
584
91
96
754
914
210
283
53
636
239
787
421
647
854
587
484
330
751
594
612
698
452
81
404
513
611
509
105
744
808
131
315
715
148
536
917
816
578
307
16
9
278
436
227
208
325
357
507
295
943
816
64
374
977
612
360
679
667
505
602
3
945
420
803
102
552
121
70
628
156
103
506
285
97
101
393
59
300
958
73
131
180
309
210
601
133
778
702
958
160
437
735
913
97
139
615
27
21
533
122
191
656
8
343
957
235
727
573
519
193
280
602
387
835
318
993
972
895
300
283
67
762
7
620
527
121
170
513
107
179
343
727
248
89
849
908
603
161
943
882
541
81
250
252
752
344
544
574
438
970
500
8
218
996
351
315
204
246
926
676
699
327
211
306
409
352
742
810
831
581
30
321
863
364
637
309
590
168
381
694
95
938
755
5
787
864
713
737
366
493
706
469
161
143
361
540
598
121
933
110
388
192
951
638
741
95
820
787
577
172
444
534
666
189
34
369
375
12
469
47
281
54
787
459
20
499
366
904
599
671
538
566
385
469
897
768
781
814
149
323
398
707
232
823
870
548
916
598
823
969
151
820
454
864
630
911
167
989
829
405
190
315
126
312
66
501
958
898
189
506
670
226
537
73
112
141
614
528
949
720
29
650
847
77
338
982
935
324
392
203
319
327
291
378
662
457
705
553
926
401
490
140
722
556
393
995
577
85
265
129
580
124
945
424
54
133
469
248
716
417
162
22
869
6
81
974
611
602
658
72
729
498
774
976
545
171
706
4
309
865
244
981
612
764
297
759
83
402
22
574
295
57
419
38
547
324
135
736
121
879
976
144
560
167
666
520
676
798
795
210
961
164
613
7
640
115
633
242
38
975
562
294
694
651
307
607
706
130
50
192
428
210
242
128
506
199
25
900
3
817
752
334
453
198
0
982
446
29
264
529
376
522
107
26
881
437
646
240
684
297
973
334
44
241
862
77
788
599
355
518
647
462
647
617
914
220
817
904
895
392
307
375
840
401
370
309
425
182
267
560
380
73
596
613
647
121
580
811
577
303
18
314
487
316
696
429
394
757
173
166
644
525
861
763
529
451
909
946
571
7
406
146
754
71
69
290
171
162
902
750
364
945
990
956
181
210
497
777
477
245
231
362
653
889
296
426
879
493
583
86
149
734
482
841
245
747
827
21
511
724
4
969
415
286
139
947
311
36
982
578
533
811
166
999
272
314
110
12
633
209
260
458
639
856
482
3
956
683
683
884
455
303
691
361
247
987
269
642
808
604
823
838
13
302
543
319
65
58
93
517
407
53
359
54
781
316
61
518
538
161
178
893
735
646
412
741
135
442
660
299
4
907
898
606
241
197
541
858
178
361
235
867
969
929
766
876
750
989
186
886
586
551
943
814
442
664
707
880
676
844
27
667
957
687
844
725
936
146
476
23
884
424
825
550
739
976
635
536
296
875
761
786
872
636
12
933
100
496
355
632
616
728
49
1
681
638
830
64
211
678
405
411
961
318
69
379
966
762
273
839
158
29
912
693
934
998
513
307
262
86
912
209
411
530
902
772
682
555
553
235
144
542
286
327
647
701
626
656
185
321
304
750
521
138
885
309
551
600
893
893
185
486
990
33
969
577
793
231
4
217
987
141
339
749
818
28
294
928
595
826
310
186
750
373
592
952
75
324
299
241
143
607
769
500
951
53
837
498
673
753
180
921
546
322
927
362
741
295
969
979
83
193
865
373
163
480
270
658
339
128
957
143
811
306
17
703
778
120
150
418
752
564
401
674
12
983
930
479
359
320
795
962
87
834
571
892
384
808
324
600
284
337
791
252
409
953
321
723
968
718
556
291
960
470
897
478
146
230
45
274
534
0
110
142
213
341
46
160
374
475
140
616
237
143
925
53
551
204
915
350
410
962
566
848
480
182
16
505
950
941
988
568
690
533
71
153
57
895
717
705
960
457
547
67
515
894
685
425
969
335
302
631
704
569
698
213
76
825
160
923
601
171
248
534
23
123
365
661
957
144
832
824
766
347
409
316
522
454
363
883
387
795
803
706
934
514
262
744
575
968
850
600
166
299
566
94
295
193
790
374
114
46
51
827
643
455
731
451
381
454
152
705
256
565
25
198
521
682
318
545
501
369
534
185
19
140
94
942
831
900
995
950
840
522
179
745
199
422
37
694
470
200
311
115
991
609
658
80
808
581
844
2
123
656
982
889
962
262
652
40
404
382
530
284
901
73
3
693
262
541
85
575
359
207
300
612
193
706
992
296
921
495
970
574
558
526
860
884
25
700
388
479
628
925
595
254
639
118
192
714
516
733
11
468
724
630
922
937
448
661
484
234
328
862
115
106
799
810
925
169
355
349
790
365
798
50
840
941
588
633
996
384
691
837
462
807
107
70
849
790
664
431
232
341
924
958
671
132
729
237
20
248
122
298
181
731
986
526
604
18
736
795
214
317
927
765
798
892
777
384
485
20
171
495
436
539
88
501
248
2
520
5
288
646
550
813
939
142
330
454
206
371
442
558
106
6
764
841
773
386
3
904
25
384
308
878
68
305
593
264
446
694
986
856
678
533
501
865
994
181
281
767
626
134
859
252
870
464
20
908
928
624
365
587
318
875
823
445
975
96
198
211
954
795
459
544
938
96
609
317
578
499
569
293
208
235
998
834
513
853
250
536
367
110
93
38
518
895
382
46
518
327
387
92
798
600
401
107
137
888
478
261
585
359
203
959
508
420
127
425
856
657
267
221
808
484
805
758
65
959
345
703
103
300
261
100
846
55
801
245
260
677
934
568
999
847
752
520
445
478
946
420
22
654
127
882
861
926
891
274
68
154
206
702
753
490
571
937
475
779
710
908
725
736
618
357
560
648
436
132
134
513
276
215
970
554
248
575
805
900
974
838
274
571
573
409
976
831
618
720
26
978
497
166
193
196
273
245
457
349
948
299
855
943
505
729
358
798
570
768
173
757
662
867
578
471
111
642
670
421
800
883
413
583
821
111
604
40
727
990
930
289
30
870
134
531
794
699
670
270
442
165
229
410
583
715
43
284
445
730
869
760
203
949
69
898
967
147
832
553
789
106
579
828
718
782
125
605
976
949
748
275
895
989
225
6
131
705
923
397
72
809
160
672
963
9
265
628
453
933
398
505
832
321
474
620
935
648
227
283
424
708
963
246
730
369
168
366
786
86
196
688
414
845
862
143
468
381
946
382
285
770
361
991
380
538
836
995
930
312
603
471
453
802
816
931
286
763
644
538
703
728
376
945
530
243
46
888
444
475
91
668
277
404
341
660
191
329
528
893
449
75
617
38
973
231
802
446
539
334
585
88
117
343
558
16
585
264
227
439
588
976
649
416
85
270
57
976
847
946
343
728
554
381
803
681
903
691
287
784
984
6
382
884
302
518
725
357
939
450
749
941
356
315
89
292
35
140
867
40
438
416
284
938
43
570
670
439
398
658
910
297
874
344
498
733
621
934
911
320
972
777
842
28
678
19
456
373
583
421
648
561
832
149
662
771
969
306
493
364
221
261
59
247
761
370
189
59
708
612
325
247
400
657
639
113
947
545
650
603
130
741
786
219
147
207
957
293
214
558
773
463
895
928
683
35
335
445
519
485
5
675
67
75
41
85
567
979
82
55
939
866
662
493
906
970
736
209
281
334
852
956
208
564
803
979
421
419
853
819
850
649
778
968
159
165
630
580
22
875
591
991
667
889
12
690
110
396
753
905
380
308
725
419
22
888
678
899
994
367
545
905
883
33
10
46
795
386
357
844
862
539
999
899
497
569
290
401
10
325
416
236
216
848
837
592
467
784
163
211
839
310
585
404
297
510
659
657
807
647
299
305
304
663
833
817
747
245
257
812
731
949
399
454
697
212
730
471
698
861
696
512
49
146
304
512
453
887
745
516
884
254
686
461
146
490
776
785
699
741
204
238
933
709
621
769
377
148
958
424
439
446
519
988
72
927
981
821
195
63
873
622
788
641
242
995
444
152
738
42
191
117
185
861
450
777
936
436
363
594
620
564
426
594
915
144
688
392
139
223
55
441
587
306
705
483
989
775
911
799
796
811
681
200
631
937
655
612
301
738
420
435
169
697
87
596
724
582
92
308
764
627
330
303
460
679
1
588
624
730
150
278
422
226
659
452
679
646
275
985
124
850
624
164
552
209
282
579
348
408
445
817
911
359
100
93
265
666
615
497
576
459
625
314
478
342
185
344
698
713
574
242
451
610
181
103
689
571
79
847
564
136
374
877
824
25
306
866
83
62
295
239
786
634
427
458
291
514
484
111
994
128
974
685
861
152
559
867
932
338
205
941
537
987
126
235
285
613
568
379
234
599
511
322
24
153
293
279
716
709
102
316
949
436
141
298
762
212
883
671
830
860
437
210
304
694
363
693
614
26
351
79
865
292
235
56
835
304
571
777
921
741
351
541
405
807
146
426
163
927
215
193
621
75
252
70
498
20
141
843
572
546
675
118
505
261
688
545
358
411
763
273
922
175
580
278
881
668
610
597
376
871
461
218
214
121
999
871
121
317
507
38
810
766
234
652
863
520
606
284
597
698
137
503
452
900
842
666
273
610
973
982
598
784
559
317
65
505
130
634
325
635
885
586
901
10
622
620
326
177
808
213
893
856
17
66
849
925
960
185
504
943
527
96
478
445
760
613
789
303
805
866
778
135
65
641
876
967
546
42
300
235
18
395
805
471
455
943
638
202
690
909
805
371
801
637
515
361
66
912
212
382
595
561
830
834
308
197
14
408
102
794
793
976
967
97
167
631
809
949
541
419
648
558
596
166
810
760
766
837
800
296
47
149
632
590
210
688
258
95
499
646
855
522
373
289
613
649
33
870
979
16
161
180
884
295
171
408
140
791
628
43
957
980
602
97
210
831
116
7
715
958
195
536
84
775
63
459
310
78
414
538
28
626
576
45
56
245
629
353
534
349
582
94
399
623
583
715
704
995
942
592
580
14
208
208
149
230
219
200
41
750
389
426
794
923
575
269
148
801
725
782
89
769
385
923
248
686
979
983
580
640
533
521
779
461
414
433
521
267
289
835
314
234
270
103
657
348
859
714
586
902
617
447
493
57
656
750
405
600
90
211
584
119
478
701
149
19
418
147
489
819
914
480
525
63
841
400
915
532
504
100
621
621
945
260
607
774
724
247
995
411
506
698
232
199
6
199
330
614
441
472
841
849
535
866
552
775
761
316
283
104
771
184
56
150
893
316
797
964
283
381
430
676
499
74
748
113
74
914
207
481
425
987
576
287
944
170
920
4
716
871
612
30
18
189
268
318
871
564
636
248
315
520
312
211
836
245
298
44
383
430
219
745
144
137
385
547
340
666
443
789
765
24
328
907
848
529
656
500
13
607
891
90
507
799
786
41
382
788
588
157
584
307
993
847
777
916
39
681
772
754
17
691
775
229
783
873
258
96
600
799
952
511
218
271
277
188
471
18
206
39
620
668
995
692
268
314
273
593
638
330
123
827
168
31
250
332
678
945
404
801
148
521
223
789
466
712
554
276
110
559
116
605
464
631
401
137
87
569
220
749
613
571
69
179
391
373
348
556
522
447
955
863
799
721
657
666
718
525
498
837
935
759
355
108
297
509
252
858
954
978
12
787
148
400
581
541
166
122
772
788
733
681
956
420
757
655
167
59
833
546
360
138
240
434
283
395
835
147
306
991
138
661
397
291
680
782
915
489
933
565
263
992
154
48
122
501
522
828
829
78
988
414
195
889
621
490
495
816
670
85
111
807
140
987
272
892
684
267
791
490
540
316
967
769
833
769
360
452
524
909
254
948
387
117
189
262
647
187
226
292
83
65
178
117
634
214
667
743
635
47
902
590
46
647
989
261
271
245
370
728
133
478
867
617
415
15
396
625
609
284
654
384
846
426
37
374
616
471
995
259
936
399
360
486
423
66
728
719
76
533
953
860
687
309
808
590
902
970
941
28
550
204
607
481
652
994
736
501
29
350
679
496
426
213
896
860
8
463
136
949
326
874
637
246
211
856
682
8
35
32
503
575
459
867
293
673
100
110
234
829
755
96
659
462
682
914
120
740
845
428
921
880
628
241
326
602
1
14
465
546
331
816
755
989
890
588
124
396
929
267
219
634
413
144
928
750
85
545
496
852
602
732
960
587
270
849
903
363
76
473
98
682
714
790
539
872
683
479
877
424
751
479
269
788
381
965
534
508
16
928
282
289
418
15
129
392
526
584
213
410
562
452
140
491
327
755
855
539
453
134
704
237
320
55
526
550
60
856
876
684
271
995
835
769
427
517
665
282
196
634
972
271
178
19
918
661
551
527
241
548
550
480
410
520
482
783
80
230
157
414
130
93
636
26
302
139
304
794
291
785
208
189
532
803
335
743
989
980
226
711
460
583
136
755
636
450
303
304
150
440
833
484
651
18
549
923
379
193
703
180
797
707
656
210
486
674
204
238
73
102
944
934
593
339
418
22
602
849
521
885
533
399
987
723
637
979
929
121
506
46
820
32
881
589
174
828
93
230
510
120
724
103
57
868
785
978
251
116
413
912
692
457
484
494
619
482
123
582
634
320
882
163
269
983
483
557
514
385
422
256
542
708
434
395
903
401
71
22
473
875
496
891
841
880
549
585
765
984
177
433
281
212
632
776
977
787
624
150
764
126
435
67
467
854
430
658
25
955
279
244
564
392
357
893
324
291
478
458
83
399
102
875
443
394
232
385
318
37
125
194
984
425
537
777
160
143
480
534
906
69
978
876
400
525
521
294
535
549
584
744
10
328
933
543
693
65
629
417
804
467
515
424
966
648
180
159
971
360
934
179
768
412
691
26
124
558
203
145
159
359
518
153
247
563
969
647
801
597
864
323
342
868
292
548
99
105
269
310
706
315
904
241
6
727
291
382
982
387
139
659
937
639
435
990
80
772
329
464
940
263
677
712
313
241
33
154
61
442
193
658
531
306
741
476
105
147
271
186
307
266
697
284
182
985
574
947
712
447
282
575
352
716
104
647
147
502
152
562
272
802
568
341
208
714
391
705
620
904
785
355
114
753
298
575
329
218
780
257
618
558
570
472
423
895
637
969
172
548
782
295
534
120
22
95
66
839
879
22
624
606
130
200
144
25
558
572
45
26
982
215
921
53
779
173
585
726
128
523
577
275
200
243
510
297
167
353
520
274
532
618
585
256
697
650
864
991
935
840
960
496
695
313
727
397
112
151
697
579
416
763
541
660
214
300
331
632
528
477
505
503
752
388
938
880
480
477
841
201
944
897
969
738
916
244
937
310
800
189
43
758
212
124
187
970
348
997
176
256
300
173
688
844
172
291
721
129
979
560
520
323
141
400
37
862
395
522
501
828
529
838
738
826
759
39
235
17
580
765
830
721
863
287
338
739
715
137
685
582
477
385
977
283
698
175
386
653
491
938
147
223
682
850
292
692
442
69
111
847
454
409
707
501
818
47
426
364
301
86
6
86
163
932
374
925
136
822
198
899
323
31
118
525
792
995
96
402
623
995
116
385
30
357
666
246
163
188
209
666
555
81
428
595
147
958
954
817
728
750
532
469
654
685
592
334
150
816
593
794
68
309
586
749
556
366
114
467
292
761
798
586
162
901
507
126
165
820
533
204
15
814
868
363
887
759
95
274
866
646
959
905
843
861
207
311
336
348
993
684
704
665
405
243
408
690
122
45
649
808
904
870
201
186
380
794
440
346
693
536
757
778
179
196
139
136
639
441
278
351
47
415
764
82
907
564
297
368
585
753
997
432
378
196
541
289
692
559
975
49
170
654
502
832
69
847
54
990
661
362
444
773
175
39
273
268
65
929
116
910
908
925
200
134
730
644
96
671
212
875
611
110
260
745
334
555
894
49
376
638
407
85
741
681
75
725
842
402
105
892
662
867
381
408
342
99
97
312
884
815
538
957
434
569
161
65
154
955
366
892
446
312
768
778
383
430
267
645
188
16
127
914
489
146
964
702
65
645
564
222
377
397
373
279
753
720
65
938
946
141
581
997
165
768
839
757
983
749
425
798
259
604
876
301
428
893
605
891
678
405
445
627
628
710
916
116
988
961
775
840
157
734
267
41
353
139
945
356
393
278
528
215
710
815
536
891
807
835
989
400
226
4
454
628
807
495
754
897
385
396
477
717
921
502
424
368
650
713
660
213
187
230
763
812
68
839
934
382
282
150
466
924
52
448
181
78
443
173
719
0
38
560
405
100
705
319
394
580
263
329
715
531
863
512
219
747
128
703
430
878
305
52
542
395
95
894
411
89
405
896
138
96
113
383
421
791
790
156
799
654
546
578
517
520
992
438
318
365
454
456
898
869
326
447
651
416
744
566
70
782
200
225
505
72
725
660
527
580
829
594
25
56
255
17
172
317
258
464
153
164
909
270
101
61
322
37
52
329
980
210
480
119
99
775
338
371
631
542
560
530
595
208
719
873
591
374
446
868
575
579
582
1
905
291
16
756
750
729
610
305
143
683
947
292
597
166
675
813
312
445
104
781
623
150
867
395
317
624
886
900
368
380
235
220
780
645
156
9
34
306
8
280
583
242
625
40
275
710
556
597
585
997
504
145
589
902
492
937
628
994
310
685
450
641
242
296
515
155
111
941
983
110
166
854
564
646
419
692
698
633
753
722
867
109
14
679
979
785
268
346
910
918
887
337
238
646
150
995
71
837
371
511
193
130
686
12
295
242
697
93
250
685
989
752
534
914
660
822
180
129
45
780
257
388
377
790
880
142
29
170
780
956
643
901
711
181
146
348
100
874
77
149
944
858
57
297
454
803
665
39
147
630
987
337
153
722
61
895
430
896
19
345
17
735
897
571
485
396
9
260
954
731
996
89
475
892
918
545
319
159
332
654
609
53
335
960
858
190
249
487
514
492
575
650
287
783
911
524
477
234
747
793
289
334
731
95
378
757
714
400
908
335
643
278
594
256
799
456
55
757
370
783
955
605
578
973
80
389
393
87
689
519
439
725
372
561
607
693
914
657
443
351
522
454
18
113
39
360
191
940
774
775
845
49
243
559
260
794
363
636
505
762
639
864
240
837
947
645
121
926
924
62
91
849
41
191
670
247
810
818
193
302
401
274
624
878
624
630
366
486
284
232
259
507
621
407
243
475
951
373
100
136
29
381
125
169
360
593
202
159
885
469
46
963
831
111
362
47
928
629
609
938
421
901
943
120
641
996
540
174
302
525
130
290
90
588
478
585
828
447
961
47
25
357
630
192
641
835
688
265
733
75
50
438
516
685
903
581
247
969
175
949
997
281
74
472
532
352
363
715
516
985
417
636
470
346
355
340
674
782
2
210
200
915
414
258
476
249
913
66
574
543
685
593
174
661
123
318
425
102
811
214
95
200
284
515
665
199
484
543
554
80
951
661
25
716
758
796
457
704
226
52
951
390
547
923
707
904
845
498
38
25
795
99
821
32
978
211
338
970
391
314
455
589
375
708
232
396
871
2
385
728
559
934
429
443
941
918
157
682
757
759
415
132
110
699
447
887
674
497
625
26
31
795
825
679
779
103
127
34
324
658
365
766
420
41
260
528
387
26
742
390
40
142
662
494
64
564
63
866
651
491
908
923
696
195
52
480
719
484
839
787
135
641
383
237
343
114
27
312
552
163
571
35
939
449
323
825
969
554
311
964
591
557
861
594
961
345
196
74
632
440
465
977
449
396
303
128
466
672
238
412
4
559
947
194
325
312
139
222
710
534
329
474
244
674
693
881
903
43
419
703
257
527
748
215
13
470
673
142
302
116
65
971
713
837
726
504
833
288
879
414
894
430
747
141
386
418
546
834
852
993
242
900
188
477
762
365
642
734
90
827
180
198
103
722
955
862
955
850
429
743
802
307
406
570
278
316
334
664
434
159
593
24
98
1
345
312
605
372
855
868
503
18
554
457
703
41
294
740
112
719
124
251
115
996
863
676
781
145
905
54
147
654
488
108
870
785
663
574
508
281
332
65
155
817
63
315
933
265
0
195
963
121
566
593
221
825
705
950
584
701
581
544
977
118
971
631
503
593
972
753
768
313
275
689
130
851
272
830
392
124
47
151
994
869
279
542
619
268
101
799
786
836
698
377
862
478
392
407
974
441
502
209
704
834
552
30
821
756
764
862
23
449
221
653
714
97
425
70
930
21
277
705
722
881
103
129
343
917
548
634
710
828
818
21
615
190
497
721
24
135
918
605
420
553
197
228
684
883
420
649
764
441
59
825
268
500
232
760
146
193
561
335
364
221
826
328
61
844
418
348
774
780
397
488
539
791
179
748
95
448
458
708
381
671
486
883
979
666
97
188
454
563
914
676
584
782
194
830
475
186
140
565
700
194
93
799
298
899
835
980
823
439
721
935
151
590
15
227
875
417
78
228
604
236
403
678
79
172
96
542
342
994
422
952
235
558
943
681
494
216
865
456
638
212
658
924
541
334
45
518
791
618
968
775
19
539
791
384
220
320
602
146
741
909
353
900
216
84
525
177
833
883
284
674
517
713
565
86
25
122
804
434
945
269
631
664
857
459
575
114
252
442
716
166
908
791
988
463
992
360
960
683
81
478
739
261
327
746
576
257
518
519
717
71
165
493
254
596
504
642
648
832
170
422
53
2
66
493
513
596
682
13
445
549
891
952
104
751
176
941
990
340
647
976
95
590
308
946
857
108
318
213
975
793
592
580
548
469
759
895
414
610
801
308
519
72
84
900
53
262
687
955
714
327
933
832
527
390
312
29
21
686
739
437
842
0
530
405
550
120
560
689
982
521
403
27
950
273
120
419
849
701
355
902
565
615
261
871
240
935
735
724
218
784
430
643
610
111
457
517
115
296
262
74
43
294
359
921
690
551
18
1
920
716
425
720
266
390
610
592
189
731
315
489
777
23
77
920
49
254
533
974
478
630
105
519
217
851
101
425
447
948
178
210
442
801
325
27
998
598
926
901
467
859
961
205
688
378
393
654
180
663
666
358
129
913
868
104
817
422
52
579
422
204
51
504
161
135
855
923
24
929
110
714
707
27
826
691
373
4
280
908
586
343
281
930
173
385
434
419
926
744
588
290
492
990
683
209
633
480
192
689
479
217
694
730
221
776
400
547
350
209
73
786
580
346
344
224
651
566
796
287
599
873
471
540
387
753
90
923
484
885
608
904
572
968
293
312
165
905
517
517
543
115
818
429
763
790
839
921
725
820
238
589
433
850
459
231
981
622
280
682
843
775
203
820
250
173
222
67
234
264
839
937
113
207
225
799
533
990
582
248
996
941
634
557
532
613
213
213
175
827
140
771
946
635
59
322
352
483
290
829
698
574
392
216
809
288
521
221
618
774
342
204
186
26
669
973
275
956
66
432
190
68
124
634
144
789
770
765
635
358
532
743
392
843
897
410
539
907
415
86
504
230
400
155
720
528
663
778
309
204
2
235
518
774
755
916
942
978
508
738
405
886
511
323
778
767
213
26
888
361
627
642
299
345
406
963
42
266
693
457
434
491
386
465
688
695
400
197
85
18
753
922
516
345
50
773
437
699
736
57
107
661
205
827
491
794
514
53
321
136
971
866
126
489
548
805
606
971
508
437
648
701
660
238
313
207
238
952
529
283
480
745
308
136
853
979
654
571
498
142
807
243
628
709
199
574
328
721
575
660
123
533
78
891
581
257
711
825
265
982
244
17
956
90
806
898
427
26
906
134
385
374
870
96
555
539
593
87
865
953
625
450
175
465
519
503
724
88
541
640
540
282
139
913
933
2
944
724
265
327
440
609
211
429
53
92
755
22
352
845
877
187
699
81
400
43
284
537
428
457
292
994
760
419
837
875
173
832
990
251
582
233
217
882
460
806
724
646
302
374
984
164
801
313
275
173
732
117
250
335
332
441
877
562
501
443
744
665
408
649
247
784
645
654
579
878
860
366
866
339
460
784
553
25
792
360
496
197
671
392
473
994
137
337
379
